trip_id,service_id,route_id,shape_id,direction_id,trip_headsign
0,0,21105336,21105336,0,
1,0,10400029,10399952,0,Megenagna Terminal
2,0,10400029,10399951,1,Legedadi Mission
3,0,10400258,10400257,0,Megenagna Terminal
4,0,10400258,10400256,1,Aba Kiros Roundabout
5,0,10400405,10400404,0,Megenagna Terminal
6,0,10400405,10400403,1,Ayat Chefe Condominium
7,0,10406491,10406489,0,Ayat Chefe Condominium
8,0,10406491,10406490,1,6 Kilo
9,0,10407732,10407730,0,Kotebe Teachers College
10,0,10407732,10407731,1,Piassa Arada
11,0,10410198,10410197,0,Piassa Arada
12,0,10410198,10410196,1,Brass Clinic (Bole)
13,0,10441511,15743389,0,Legehar (Old Train Station)
14,0,10441511,10406696,1,Ayat Chefe Condominium
15,0,10458768,10458767,0,Shero Meda
16,0,10458768,10458766,1,Bole Millenium
17,0,10460046,10460045,0,Shero Meda
18,0,10460046,10460044,1,Abo Junction
19,0,10460168,10460167,0,Piassa Arada
20,0,10460168,10460166,1,Abo Junction
21,0,10460407,10460406,0,Yeka Abado
22,0,10460407,10460405,1,Megenagna
23,0,10460602,10460600,0,Autobis Tera (2)
24,0,10460602,10460601,1,Alem Bank
25,0,10460963,10460961,0,Mexico
26,0,10460963,10460962,1,Haile Garment
27,0,10461811,10461810,0,Kara Kore
28,0,10461811,10461809,1,Autobis Tera (1)
29,0,10465903,10465902,0,Yerer Goro
30,0,10465903,10465901,1,Megenagna
31,0,10466290,10466288,0,Mexico
32,0,10466290,10466289,1,Megenagna
33,0,10466725,10466723,0,Piassa Arada
34,0,10466725,10466724,1,Mebrat Condominium
35,0,10468435,10535102,0,Sansusi
36,0,10468435,10468433,1,Piassa Arada
37,0,10469388,10469387,0,Gurara
38,0,10469388,10469386,1,4 Kilo
39,0,10478792,10478791,0,Piassa Arada
40,0,10478792,10478790,1,Dil Ber
41,0,10479678,10479676,0,Shero Meda
42,0,10479678,10479677,1,Autobis Tera (3)
43,0,10480005,10480003,0,Autobis Tera (1)
44,0,10480005,10480004,1,Abo Junction
45,0,10480336,10480334,0,Mexico
46,0,10480336,10480335,1,Alem Bank
47,0,10521543,10521541,0,Koye Feche
48,0,10521543,10521542,1,Megenagna
49,0,10521610,10521609,0,Summit Condominiums
50,0,10521610,10521608,1,Megenagna Terminal
51,0,10529108,10529106,0,Autobis Tera (2)
52,0,10529108,10529107,1,Kela
53,0,10529704,10529703,0,Saris Abo
54,0,10529704,10529702,1,Ayer Tena
55,0,10533497,10533495,0,Yeka Abado
56,0,10533497,10533496,1,Piassa Arada
57,0,10533758,10533757,0,Megenagna Terminal
58,0,10533758,10533756,1,Aba Kiros Roundabout
59,0,10534180,10534178,0,Mexico
60,0,10534180,10534179,1,Lafto
61,0,10534541,10534540,0,Shero Meda
62,0,10534541,10534539,1,Mexico
63,0,10534848,10534847,0,Piassa Arada
64,0,10534848,10534846,1,Marathon Motor (Megenagna)
65,0,10535103,10535101,0,Autobis Tera
66,0,10535103,10468434,1,Asko
67,0,10541125,10541124,0,Sefera
68,0,10541125,10541123,1,Mexico
69,0,10541371,10541370,0,Piassa Arada
70,0,10541371,10541369,1,Jemmo 2
71,0,10542001,10541999,0,Mexico
72,0,10542001,10542000,1,Jemo 1
73,0,10542096,10542094,0,Merkato
74,0,10542096,10542095,1,Ashewa Meda
75,0,10542241,10542240,0,Kera
76,0,10542241,10542239,1,Addisu Gebeya
77,0,10547202,10547201,0,Hanna Mariam
78,0,10547202,10547200,1,Legehar (Old Train Station)
79,0,10550063,10550062,0,Yeshi Debele
80,0,10550063,10550060,1,Autobis Tera
81,0,10550163,10550162,0,Winget
82,0,10550163,10550161,1,Ayer Tena (Terminal)
83,0,10550650,10550648,0,Tulu Dimtu
84,0,10550650,10550649,1,6 Kilo
85,0,10551230,10551229,0,Shegole (Mender 7)
86,0,10551230,10551228,1,Autobis Tera
87,0,10551231,10551227,0,Sansusi
88,0,10551231,10551226,1,Autobis Tera
89,0,10551605,10551604,0,Eyesus
90,0,10551605,10551603,1,Autobis Tera
91,0,10568476,10568475,0,Olympia
92,0,10568476,10568474,1,Agona Cinema
93,0,15625520,15487613,0,Ayer Tena
94,0,15625520,15487437,1,Piassa Arada
95,0,15633036,10667604,0,Total 3 Kuter Mazoria
96,0,15633036,15633035,1,Kera
97,0,15656246,15480652,0,German Square
98,0,15656246,15480612,1,Autobis Tera
99,0,15676211,10567916,0,Wello Sefer
100,0,15676211,10567917,1,Kera
101,0,15676212,10568346,0,Safari (Summit)
102,0,15676212,10568345,1,Megenagna
103,0,15676213,10715392,0,Kality Menaheriya
104,0,15676213,15652319,1,4 Kilo
105,0,15676215,10694719,0,Arada
106,0,15676215,10694129,1,18 Mazoria
107,0,15677019,15677018,0,Kara
108,0,15677019,15677017,1,4 Kilo (Children Theatre)
109,0,15677252,15677250,0,Megenagna
110,0,15677252,15677251,1,6 Kilo
111,0,15774596,15774594,0,Kality Menaheria
112,0,15774596,15774595,1,Ayer Tena
113,0,15775112,15775110,0,Kality Total
114,0,15775112,15775111,1,Bole Roundabout
115,0,15797527,15797519,0,Saris
116,0,15797527,15797520,1,Mexico
117,0,15797528,15797526,0,Saris
118,0,15797528,15797525,1,Kality Total
119,0,15797529,15797523,0,Saris Abo
120,0,15797529,15797524,1,Bulbula
121,0,15797530,15797521,0,Kality Maseltegna
122,0,15797530,15797522,1,Jemo
123,0,15830934,15830932,0,Saris Abo
124,0,15830934,15830933,1,Bole Bridge
125,0,15833378,15833376,0,Kality Total
126,0,15833378,15833377,1,Autobus Tera
127,0,15833518,15833517,0,Mexico
128,0,15833518,15833516,1,Kality Total
129,0,15841640,15841639,0,Tulu Dimtu
130,0,15841640,15841638,1,Sefera Square
131,0,15841839,15841837,0,Bole Bridge
132,0,15841839,15841838,1,22 Mazoria
133,0,15841978,15850225,0,Ayat
134,0,15841978,15841976,1,22 Mazoria
135,0,15842386,15842384,0,Bole Bridge
136,0,15842386,15842385,1,Megenagna
137,0,15842687,15842686,0,Summit
138,0,15842687,15842685,1,Megenagna
139,0,15845949,15842819,0,Bole Bridge
140,0,15845950,15845945,0,Megenagna
141,0,15845950,15845946,1,Bulbula
142,0,15846182,15846181,0,Bulbula
143,0,15846182,15846180,1,Bole Bridge
144,0,15850226,15841977,0,Goro
145,0,15850226,15850224,1,Bole Bridge
146,0,15850509,15850508,0,Safari
147,0,15850509,15850507,1,Bole Bridge
148,0,15850623,15850621,0,Saris
149,0,15850623,15850622,1,Derartu
150,0,15858008,15858007,0,Tekle Haimanot
151,0,15858008,15858006,1,Bole Mickael
152,0,15858151,15858149,0,Bole Mickael
153,0,15858151,15858150,1,Autobus Tera
154,0,15858269,15858268,0,Piassa Arada
155,0,15858269,15858267,1,Bole Mickael
156,0,15858339,15858338,0,Piassa Arada
157,0,15858339,15858337,1,Bole Bridge
158,0,15858404,15858402,0,Bole Bridge
159,0,15858404,15858403,1,Autobus Tera
160,0,15858713,15858712,0,Tulu Dimtu
161,0,15858713,15858711,1,Megenagna
162,0,15858887,15858886,0,Saint Georgis
163,0,15858887,15858885,1,Megenagna
164,0,15858958,15858956,0,Hana Mariam
165,0,15861781,15861780,0,Sefera
166,0,15861781,15861961,1,Ayer Tena
167,0,15861962,15861960,0,Gelan Condominium
168,0,15861962,15858957,1,Haile Garment
169,0,15863862,15863860,0,Tulu Dimtu
170,0,15863862,15863861,1,Saris
171,0,15864075,15864073,0,Sefera
172,0,15864075,15864074,1,Jemmo 1
173,0,15865443,15865441,0,Total 3 Kuter Mazoria
174,0,15865443,15865442,1,Kara
175,0,15865947,15865946,0,Kera
176,0,15865947,15865945,1,Autobus Tera
177,0,15866774,15866773,0,Kera
178,0,15866774,15866772,1,Kality Total
179,0,15867049,15867047,0,Kality Maseltegna
180,0,15867049,15867048,1,Jemmo 1
181,0,15867151,15867149,0,Piassa Arada
182,0,15867151,15867150,1,Jemmo 1
183,0,15867420,15867418,0,Jemmo 1
184,0,15867420,15867419,1,Alem Gena
185,0,15867572,15867571,0,Piassa Arada
186,0,15867572,15867570,1,German Square
187,0,15867651,15867650,0,Tekle Haimanot
188,0,15867651,15867649,1,Gofa
189,0,15867786,15867784,0,Gofa
190,0,15867786,15867785,1,Ayer Tena
191,0,15869243,15869242,0,Alem Gena
192,0,15869243,15869241,1,Gofa
193,0,15869312,15869310,0,Gofa
194,0,15869312,15869311,1,Alem Bank
195,0,15869366,15869365,0,Kera
196,0,15869366,15869364,1,German Square
197,0,15869889,15869888,0,Mexico
198,0,15869889,15869887,1,German Square
199,0,15870075,15870073,0,Mexico
200,0,15870075,15870074,1,Mekanisa Abo
201,0,15870224,15870222,0,Mekanisa
202,0,15870224,15870223,1,Piassa Arada
203,0,15870632,15870630,0,Sefera
204,0,15870632,15870631,1,Mexico
205,0,15870793,15870791,0,Jemmo Mickael
206,0,15870793,15870792,1,Autobis Tera
207,0,15870960,15870959,0,Kality Menaheria
208,0,15870960,15870958,1,Jemmo 1
209,0,15871080,15871078,0,Mebrathile
210,0,15871080,15871079,1,Ayer Tena
211,0,15871275,15871273,0,Mexico
212,0,15871275,15871274,1,Mebrathile
213,0,15871624,15871623,0,Merab Hotel
214,0,15871624,15871622,1,Alem Bank
215,0,15876625,15876624,0,Mexico
216,0,15876625,15876623,1,Alem Bank
217,0,15876725,15876723,0,Alem Bank
218,0,15876725,15876724,1,Mexico Shebelle Hotel
219,0,15876752,15876751,0,Torhayloch
220,0,15876752,15876750,1,Alem Bank
221,0,15876870,15876869,0,Germen Square
222,0,15876870,15876868,1,Ayer Tena
223,0,15876935,15876934,0,Jemmo 1
224,0,15876935,15876933,1,Ayer Tena
225,0,15877451,15877450,0,Mexico
226,0,15877451,15877449,1,Ayer Tena
227,0,15877500,15877499,0,Mexico Shebelle Hotel
228,0,15877500,15877498,1,Betel
229,0,15879148,15879146,0,Zenebewerk
230,0,15879148,15879147,1,Mexico
231,0,15880133,15880131,0,Alem Bank
232,0,15880133,15880132,1,18 Mazoria
233,0,15880213,15880212,0,Merab Hotel
234,0,15880213,15880211,1,Ayer Tena
235,0,15880308,15880307,0,Merab Hotel
236,0,15880308,15880306,1,Betel
237,0,15880397,15880396,0,Merab Hotel
238,0,15880397,15880395,1,Kara Kore
239,0,15880659,15880657,0,Zenebewerk
240,0,15880659,15880658,1,Piassa Arada
241,0,15881004,15881002,0,Zenebewerk
242,0,15881004,15881003,1,Mexico Shebelle Hotel
243,0,15881508,15881506,0,Zenebewerk Menharia
244,0,15881508,15881507,1,Autobus Tera
245,0,15881684,15881683,0,Atena Tera
246,0,15881684,15881682,1,Alem Bank
247,0,15882444,15882443,0,Mexico Shebelle Hotel
248,0,15882444,15882442,1,Kara Kore
249,0,15882498,15882497,0,Tekle Haimanot
250,0,15882498,15882496,1,Kara Kore
251,0,15882550,15882548,0,Kara Kore
252,0,15882550,15882549,1,Autobus Tera
253,0,15882638,15882636,0,Kara Kore
254,0,15882638,15882637,1,Atena Tera
255,0,15883171,15883169,0,Ayer Tena
256,0,15883171,15883170,1,Asko
257,0,15885969,15885967,0,Yeshi Debele
258,0,15885969,15885968,1,Atena Tera
259,0,15886152,15886150,0,Kara Kore
260,0,15886152,15886151,1,18 Mazoria
261,0,15887144,15887142,0,Yeshi Debele
262,0,15887144,15887143,1,Sebategna
263,0,15887191,15887189,0,Yeshi Debele
264,0,15887191,15887190,1,Winget
265,0,15887240,15887238,0,Yeshi Debele
266,0,15887240,15887239,1,18 Mazoria
267,0,15898347,15898346,0,Leghar
268,0,15898347,15898345,1,Kality Total
269,0,15900380,15900378,0,Atena Tera
270,0,15900380,15900379,1,Addisu Gebeya
271,0,15900555,15900554,0,Addisu Gebeya
272,0,15900555,15900553,1,Ertirea Hotel
273,0,15900883,15900881,0,Piassa
274,0,15900883,15900882,1,Kechenie
275,0,15901020,15901019,0,Shegole
276,0,15901020,15901018,1,Piassa Arada
277,0,15901146,15901145,0,Megenagna (Marathon Motors)
278,0,15901146,15901144,1,6 Kilo
279,0,15901995,15901994,0,Kazanchis
280,0,15901995,15901993,1,6 Kilo
281,0,15902043,15902042,0,Piassa
282,0,15902043,15902041,1,Addisu Gebeya
283,0,15902171,15902170,0,Shiromeda
284,0,15902171,15902169,1,Kazanchis
285,0,15902285,15902283,0,Shiromeda
286,0,15902285,15902284,1,Raguel Church
287,0,15902321,15902319,0,Mexico
288,0,15902321,15902320,1,Addisu Gebeya
289,0,15903001,15902999,0,Addisu Gebeya
290,0,15903001,15903000,1,Asko
291,0,15903091,15903090,0,Shegole
292,0,15903091,15903089,1,Autobis Tera
293,0,15903260,15903259,0,Summit Condominiums
294,0,15903260,15903258,1,Aba Kiros
295,0,15903402,15903401,0,Ayat
296,0,15903402,15903400,1,Bole Arabsa
297,0,15903454,15903453,0,Aba Kiros
298,0,15903454,15903452,1,Bole Arabsa
299,0,15903518,15903517,0,Megenagna
300,0,15903518,15903516,1,Summit Condominiums
301,0,15904627,15904626,0,Tafo Square
302,0,15904627,15904625,1,Megenagna
303,0,15904691,15904690,0,Goro
304,0,15904691,15904689,1,Bole Arabsa
305,0,15904811,15904810,0,22 Mazoria
306,0,15904811,15904809,1,Ayat Chefe Condominium
307,0,15905759,15905757,0,Goro
308,0,15905759,15905758,1,Aba Kiros
309,0,15905796,15905795,0,Aba Kiros
310,0,15905796,15905794,1,Megenagna
311,0,15905849,15905848,0,Megenagna
312,0,15905849,15905847,1,Ayat Chefe Condominium
313,0,15906133,15906131,0,Summit Condominiums
314,0,15906133,15906132,1,Megenagna
315,0,15906163,15906161,0,Bole Arabsa
316,0,15906163,15906162,1,Ayat
317,0,15906876,15906874,0,Torhayloch
318,0,15906876,15906875,1,Piassa Arada
319,0,15906946,15906944,0,Torhayloch
320,0,15906946,15906945,1,Stadium
321,0,15907058,15907056,0,Torhayloch
322,0,15907058,15907057,1,Megenagna
323,0,15907234,15907233,0,Tekle Haimanot
324,0,15907234,15907232,1,Megenagna
325,0,15907305,15907304,0,Asko
326,0,15907305,15907303,1,Torhayloch
327,0,15909909,15909907,0,Megenagna
328,0,15909909,15909908,1,Addisu Gebeya
329,0,15909991,15909989,0,Megenagna
330,0,15909991,15909990,1,Kara
331,0,15910058,15910057,0,Shiromeda
332,0,15910058,15910056,1,Megenagna
333,0,15910153,15910152,0,Ferensay
334,0,15910153,15910151,1,4 Kilo
335,0,15910213,15910211,0,Megenagna
336,0,15910213,15910212,1,Kality Total
337,0,15910286,15910285,0,Megenagna
338,0,15910286,15910284,1,Ayat
339,0,15910343,15910341,0,Megenagna
340,0,15910343,15910342,1,Ferensay
341,0,15910407,15910406,0,St. George Total
342,0,15910407,15910405,1,Ferensay
343,0,15910507,15910505,0,Raguel Church
344,0,15910507,15910506,1,Ferensay
345,0,15910595,15910593,0,Mexico
346,0,15910595,15910594,1,Lamberet Menaheria
347,0,15912626,15912625,0,Kidane Mihret
348,0,15912626,15912624,1,Shola Gebeya
349,0,15912956,15912955,0,Mexico
350,0,15912956,15912954,1,Megenagna
351,0,15912995,15912994,0,Total 3 Kuter Mazoria
352,0,15912995,15912993,1,Kera
353,0,15913024,15913022,0,Kazanchis
354,0,15913024,15913023,1,Megenagna
355,0,15913086,15913085,0,Stadium
356,0,15913086,15913084,1,Autobus Tera
357,0,15913109,15913107,0,Kazanchis
358,0,15913109,15913108,1,Bole Bridge
359,0,15913170,15913168,0,Legehar
360,0,15913170,15913169,1,Kality Total
361,0,15913211,15913209,0,Wello Sefer
362,0,15913211,15913210,1,Kera
363,0,15913312,15913311,0,Stadium
364,0,15913312,15913310,1,Kera
365,0,15913400,15913399,0,Shiromeda
366,0,15913400,15913398,1,Buna Ena Shay
367,0,15913788,15913787,0,Piassa Arada
368,0,15913788,15913786,1,Adey Abeba
369,0,15913797,15913795,0,Addisu Gebeya
370,0,15913797,15913796,1,Piassa
371,0,15913851,15913850,0,Kality Total
372,0,15913851,15913849,1,Piassa Arada
373,0,15913986,15913985,0,Jemmo 1
374,0,15913986,15913984,1,Piassa Arada
375,0,15916307,15916306,0,4 Kilo
376,0,15916307,15916305,1,Megenagna
377,0,15916364,15916363,0,Piassa Arada
378,0,15916364,15916362,1,Alem Bank
379,0,15916401,15916399,0,Saris
380,0,15916401,15916400,1,Piassa Arada
381,0,15916629,15916628,0,Amanuel Total
382,0,15916629,15916627,1,Merab Hotel
383,0,15916756,15916755,0,Asko
384,0,15916756,15916754,1,Autobis Tera
385,0,15916839,15916837,0,Menlik Hospital
386,0,15916839,15916838,1,Autobus Tera
387,0,15916909,15916908,0,Abune Petros
388,0,15916909,15916907,1,Asko
389,0,15916957,15916955,0,Alem Bank
390,0,15916957,15916956,1,Autobus Tera
391,0,15917637,15917635,0,Haile Garment
392,0,15917637,15917636,1,Autobus Tera
393,0,15917697,15917696,0,Shiromeda
394,0,15917697,15917695,1,Autobus Tera
395,0,15917888,15917887,0,Kera
396,0,15917888,15917886,1,Autobus Tera
397,0,15917949,15917947,0,Kality Total
398,0,15917949,15917948,1,Autobus Tera
399,0,15917971,15917970,0,Jemmo 1
400,0,15917971,15917969,1,Autobis Tera
401,0,15918070,15918069,0,Kechenie
402,0,15918070,15918068,1,Eritrea Hotel
403,0,15919609,15919607,0,Bole Bridge
404,0,15919609,15919608,1,Cinema Ras
405,0,15919798,15919797,0,Cinema Ras
406,0,15919798,15919796,1,Bole Mekael
407,0,15919880,15919879,0,Kera
408,0,15919880,15919878,1,Cinema Ras
409,0,15921312,15921311,0,Autobus Tera
410,0,15921312,15921310,1,Asko
411,0,15921454,15921452,0,Tekle Haimanot
412,0,15921454,15921453,1,Alem Bank
413,0,15921591,15921590,0,Winget
414,0,15921591,15921589,1,Torhayloch
415,0,15921656,15921655,0,Asko
416,0,15921656,15921654,1,Atena Tera
417,0,15957904,15957902,0,Mekanisa
418,0,15957904,15957903,1,Cinema Ras
419,0,15958044,15958042,0,Megenagna
420,0,15958044,15958043,1,Cinema Ras
421,0,15958107,15958106,0,Yeshi Debele
422,0,15958107,15958105,1,Merab Hotel
423,0,15958349,15958348,0,Merab Hotel
424,0,15958349,15958347,1,Mekanisa
425,0,15958502,15958500,0,Saris Abo
426,0,15958502,15958501,1,Cinema Ras
427,0,15958564,15958562,0,Tekle Haimanot
428,0,15958564,15958563,1,Saris Abo
429,0,15958618,15958617,0,Atena Tera
430,0,15958618,15958616,1,Alem Bank
431,0,15958644,15958643,0,Bole Bridge
432,0,15958644,15958642,1,Autobus Tera
433,0,15958710,15958708,0,Raguel Church
434,0,15958710,15958709,1,Menlik Hospital
435,0,15960815,15960814,0,Kality Meneharia
436,0,15960815,15960813,1,4 Kilo
437,0,15960877,15960875,0,Piassa Arada
438,0,15960877,15960876,1,Mekanisa
439,0,15960944,15960942,0,Bole Medhanialem
440,0,15960944,15960943,1,Piassa Arada
441,0,15960977,15960976,0,Cinema Ras
442,0,15960977,15960975,1,Bole Medhanialem
443,0,15961078,15961076,0,Addisu Gebeya
444,0,15961078,15961077,1,Eritrea Hotel
445,0,15961305,15961303,0,Gojam Berenda
446,0,15961305,15961304,1,Kality Total
447,0,15961341,15961340,0,Lamberet Menaheria
448,0,15961341,15961339,1,Kality Total
449,0,15961494,15961493,0,Mexico
450,0,15961494,15961492,1,Gelan Condominium
451,0,15961764,15961763,0,Weybla Mariam
452,0,15961764,15961762,1,Merab Hotel
453,0,15961854,15961853,0,Stadium
454,0,15961854,15961852,1,Zenebewerk
455,0,15961885,15961883,0,18 Mazoria
456,0,15961885,15961884,1,22 Mazoria
457,0,15961978,15961976,0,Saris
458,0,15961978,15961977,1,Stadium
459,0,15962019,15962018,0,Saris Abo
460,0,15962019,15962017,1,Mexico
461,0,15962065,15962064,0,Piassa Arada
462,0,15962065,15962063,1,Kera
463,0,15962103,15962102,0,Stadium
464,0,15962103,15962101,1,Bole Bridge
465,0,15962159,15962157,0,Bole Mickael
466,0,15962159,15962158,1,Buna Ena Shay
467,0,15963098,15963096,0,Merab Hotel
468,0,15963098,15963097,1,Jemmo 1
469,0,15963187,15963185,0,Gofa Gebriel
470,0,15963187,15963186,1,Atena Tera
471,0,15963257,15963256,0,Ayat
472,0,15963257,15963255,1,Megenagna
473,0,15970722,15970720,0,Merkato
474,0,15970722,15970721,1,Lukanda
475,0,15970883,15970882,0,Tero Mosque
476,0,15970883,15970881,1,Merkato
477,0,15970955,15970953,0,Sebategna
478,0,15970955,15970954,1,Luwkanda
479,0,15971057,15971056,0,Luwkanda
480,0,15971057,15971055,1,Piassa Arada
481,0,15971140,15971139,0,Rufael
482,0,15971140,15971138,1,Piassa Arada
483,0,15973776,15973774,0,Piassa Arada
484,0,15973776,15973775,1,Selefia Mosque
485,0,15973832,15973831,0,Piassa Arada
486,0,15973832,15973830,1,18 Mazoria
487,0,15973924,15973923,0,Saris
488,0,15973924,15973922,1,Akaki Gebeya
489,0,15974268,15974266,0,Akaki Gebeya
490,0,15974268,15974267,1,Adey Abeba
491,0,15974308,15974306,0,Lafto
492,0,15974308,15974307,1,Jemmo 1
493,0,15974328,15974327,0,Saris
494,0,15974328,15974326,1,Yeshi Total
495,0,15974746,15974745,0,Kotebe Gebriel
496,0,15974746,15974744,1,Megenagna
497,0,15974793,15974792,0,Kotebe
498,0,15974793,15974791,1,4 Kilo
499,0,15974906,15974905,0,Yeka Abado
500,0,15974906,15974904,1,Megenagna
501,0,15992541,15992539,0,22 Mazoria
502,0,15992541,15992540,1,Summit
503,0,15992646,15992645,0,Summit
504,0,15992646,15992644,1,Bole Bridge
505,0,15992742,15992741,0,Riventy
506,0,15992742,15992740,1,Bole Mickael
507,0,15992882,15992881,0,Lomi Meda
508,0,15992882,15992880,1,Atena Tera
509,0,15992969,15992968,0,Atena Tera
510,0,15992969,15992967,1,Sebategna
511,0,15993132,15993131,0,Saris
512,0,15993132,15993130,1,Autobus Tera
513,0,15993248,15993247,0,Tourist Hotel
514,0,15993248,15993246,1,Autobus Tera
515,0,15993363,15993362,0,Mesalemia
516,0,15993363,15993361,1,Coca Cola
517,0,15993376,15993375,0,Asko
518,0,15993376,15993374,1,Piassa Arada
519,0,15993527,15993526,0,Tikur Anbesa
520,0,15993527,15993525,1,Tero Mosque
521,0,15993651,15993650,0,Raguel Church
522,0,15993651,15993649,1,Megenagna
523,0,15998238,15998236,0,Piassa
524,0,15998238,15998237,1,Megenagna
525,0,15998277,15998275,0,Ambasader
526,0,15998277,15998276,1,Tourist Hotel
527,0,15998427,15998426,0,Shiromeda
528,0,15998427,15998425,1,Addisu Gebeya
529,0,15999097,15999096,0,Selam Building
530,0,15999097,15999095,1,Saris
531,0,15999123,15999121,0,Saris Abo
532,0,15999123,15999122,1,Kality Total
533,0,15999152,15999150,0,Gelan Condominium
534,0,15999152,15999151,1,Saris
535,0,15999254,15999252,0,Bulbula
536,0,15999254,15999253,1,Saris
537,0,15999429,15999427,0,Gelan Condominium
538,0,15999429,15999428,1,Akaki Gebeya
539,0,16003640,16003638,0,Akaki Gebeya
540,0,16003640,16003639,1,Sefera Square
541,0,16004103,16004101,0,Akaki Gebeya
542,0,16004103,16004102,1,Saris Abo
543,0,16004169,16004168,0,Saris Abo
544,0,16004169,16004167,1,Akaki CBE
545,0,16004300,16004299,0,Merkato
546,0,16004300,16004298,1,Akaki Gebeya
547,0,16004409,16004408,0,Lafto
548,0,16004409,16004407,1,Mexico
549,0,16004442,16004440,0,Bole Bridge
550,0,16004442,16004441,1,Mexico
551,0,16004670,16004669,0,Woyira Sefer
552,0,16004670,16004668,1,Mexico Shebelle Hotel
553,0,16006993,16006992,0,Selefia Mosque
554,0,16006993,16006991,1,Merab Hotel
555,0,16007055,16007053,0,Zenebewerk
556,0,16007055,16007054,1,Asko
557,0,16007115,16007114,0,Kara Kore
558,0,16007115,16007113,1,Piassa Arada
559,0,16007166,16007165,0,Gofa Gebriel
560,0,16007166,16007164,1,Adey Abeba
561,0,16007247,16007245,0,Jemmo 1
562,0,16007247,16007246,1,Cinema Ras
563,0,16007282,16007281,0,Mexico Shebelle Hotel
564,0,16007282,16007280,1,Lafto
565,0,16007348,16007346,0,Kera
566,0,16007348,16007347,1,Tafo Square
567,0,16007491,16007490,0,Abenet
568,0,16007491,16007489,1,Weleta
569,0,16007565,16007563,0,Torhayloch
570,0,16007565,16007564,1,Alem Gena
571,0,16007600,16007599,0,Weleta
572,0,16007600,16007598,1,Mexico
573,0,16007791,16007790,0,Mexico
574,0,16007791,16007789,1,Amanuel Church
575,0,16007850,16007849,0,Alem Gena
576,0,16007850,16007848,1,Abenet
577,0,16007931,16007930,0,Raguel Church
578,0,16007931,16007929,1,Megenagna
579,0,16008090,16008088,0,Autobus Tera
580,0,16008090,16008089,1,Lamberet MenaherIa
581,0,16008308,16008307,0,Shola
582,0,16008308,16008306,1,Piassa Arada
583,0,16028728,15863784,0,Mexico
584,0,16028728,15863783,1,Hana Mariam
585,0,16028886,15862749,0,Mexico
586,0,16028886,15862748,1,Haile Garment
587,0,16067901,16067899,0,Kality Menaheria
588,0,16067901,16067900,1,Autobis Tera
589,0,16068007,16068005,0,Kera
590,0,16068007,16068006,1,Addisu Gebeya
591,0,16068572,16068570,0,Mexico
592,0,16068572,16068571,1,Gelan Condominium
593,0,16068674,16068673,0,Kotebe Gebriel
594,0,16068674,16068672,1,Arat Kilo
595,0,16068754,16068753,0,Legehar (Old Train Station)
596,0,16068754,16068752,1,Kara Kore
597,0,16068915,16068913,0,Yeshi Debele
598,0,16068915,16068914,1,St. George Church
599,0,16069113,16069111,0,Legehar (Old Train Station)
600,0,16069113,16069112,1,Gurara
601,0,16069192,16069190,0,Saris Abo
602,0,16069192,16069191,1,Shero Meda
603,0,16069231,16069228,0,Legehar (Old Train Station)
604,0,16069231,16069229,1,Alem Bank
605,0,16069472,16069470,0,Megenagna
606,0,16069472,16069471,1,Gurara
607,0,16069558,16069557,0,Autobis Tera
608,0,16069558,16069556,1,Alem Bank
609,0,16070513,16070512,0,Kara Kore
610,0,16070513,16070511,1,Autobis Tera
611,0,16070566,16070565,0,Menlik Hospital
612,0,16070566,16070564,1,Torhailoch
613,0,16071249,16071247,0,Ayer Tena
614,0,16071249,16071248,1,Abuare Roundabout
615,0,16071322,16071321,0,Kera
616,0,16071322,16071320,1,Ayer Tena
617,0,16071554,16071553,0,Yerer Goro
618,0,16071554,16071552,1,Mexico
619,0,16071657,16071656,0,Bethel
620,0,16071657,16071655,1,Legehar (Old Train Station)
621,0,16071828,16071826,0,Hana Mariam
622,0,16071828,16071827,1,Darmar
623,0,16072018,16072016,0,Piassa Arada
624,0,16072018,16072017,1,Mikili Land
625,0,16072169,16072168,0,Alem Bank
626,0,16072169,16072167,1,Ayer Tena
627,0,16072247,16072245,0,Jemmo 3
628,0,16072247,16072246,1,Autobis Tera
629,0,16072458,16072457,0,Kara
630,0,16072458,16072456,1,Legehar (Old Train Station)
631,0,16074160,16074159,0,Anfo Meda
632,0,16074160,16074158,1,Legehar (Old Train Station)
633,0,16074208,16074206,0,Saris Abo
634,0,16074208,16074207,1,Tulu Dimtu Adebabay
635,0,16074342,16074340,0,Sefera
636,0,16074342,16074341,1,Mexico
637,0,16074676,16074675,0,Dil Ber
638,0,16074676,16074674,1,Legehar (Old Train Station)
639,0,16074771,16074769,0,Legehar (Old Train Station)
640,0,16074771,16074770,1,Sebeta
641,0,16074871,16074870,0,Gerji Mebrat Haile
642,0,16074871,16074869,1,Darmar
643,0,16075030,16075028,0,Piassa Arada
644,0,16075030,16075029,1,Gefersa
645,0,16086556,15598066,0,Sansusi
646,0,16086556,15598067,1,Autobis Tera
647,0,16088269,15591716,0,Ayer Tena
648,0,16088269,15591717,1,Autobis Tera (2)
649,0,16088616,15591158,0,Megenagna Terminal
650,0,16088616,15591257,1,Bole Arabsa
651,0,16088617,15591891,0,Shero Meda
652,0,16088617,15595786,1,Megenagna
653,0,16088618,15601901,0,Mexico
654,0,16088618,15601900,1,Hana Mariam (2)
655,0,16088619,15600954,0,Bole Millenium
656,0,16088619,10458622,1,4 Kilo
657,0,16112803,15488085,0,Gurara
658,0,16112803,15488179,1,Autobis Tera
659,0,16112804,15488050,0,Megenagna
660,0,16112804,15743390,1,Aleltu
661,0,16112805,15520257,0,Legehar (Old Train Station)
662,0,16112805,16112801,1,Akaki Korkoro
663,0,16112806,15488233,0,Sansusi
664,0,16112806,16112802,1,Piassa Arada
665,0,16113471,15520470,0,Shero Meda
666,0,16113471,15520553,1,Legehar (Old Train Station)
667,0,16148441,15487095,0,Holeta
668,0,16148441,15487222,1,Merkato
669,0,16148442,15484747,0,Legehar (Old Train Station)
670,0,16148442,15484821,1,Jemmo 3
671,0,16148443,15520388,0,Sululta
672,0,16148443,15520318,1,Autobis Tera
673,0,16151480,15485879,0,Summit Condominuiums
674,0,16151480,15485956,1,Arat Kilo
675,0,16151481,15488574,0,File Doro
676,0,16151481,15488702,1,Autobis Tera
677,0,16239079,16239075,0,Saris Abo
678,0,16239079,16239076,1,Dukem
679,0,16239080,16239077,0,Legehar (Old Train Station)
680,0,16239080,16239078,1,DebreZeit
681,0,16290773,15484447,0,Addisu Gebeya
682,0,16290773,16290767,1,Bole Mickael
683,0,16290774,16290766,0,Legehar (Old Train Station)
684,0,16290774,16290765,1,Kara
685,0,16290775,16290771,0,Summit Condominiums
686,0,16290775,16290770,1,Legehar (Old Train Station)
687,0,16761109,16761108,0,Mekanisa Kore
688,0,16761109,16761107,1,Autobis Tera
689,0,16761258,16761256,0,St. George Church
690,0,16761258,16761257,1,Mekanisa Kore
691,0,16761408,16761407,0,Summit Condominiums
692,0,16761408,16761406,1,Piassa Arada
693,0,16761711,16761710,0,Menagesha
694,0,16761711,16761709,1,Autobis Tera
695,0,16761937,16761935,0,Piassa Arada
696,0,16761937,16761936,1,Bethel
697,0,16763531,16763530,0,Mikili Land
698,0,16763531,16763529,1,Autobis Tera
699,0,16763585,16763584,0,Saris
700,0,16763585,16763583,1,Hana Mariam
701,0,16763690,16763689,0,Winget
702,0,16763690,16763688,1,Stadium
703,0,16763761,16763760,0,Shero Meda
704,0,16763761,16763759,1,Megenagna
705,0,16763787,16763786,0,Saris Abo
706,0,16763787,16763785,1,Ayer Tena
707,0,16763889,16763887,0,Megenagna
708,0,16763889,16763888,1,Bole Bulbula
709,0,16764498,16764496,0,Piassa Arada
710,0,16764498,16764497,1,Addis Sefer
711,0,16764670,16764668,0,Megenagna
712,0,16764670,16764669,1,Kilinto
713,0,16764708,16764707,0,Entoto Mariam
714,0,16764708,16764706,1,4 Kilo
715,0,16764849,16764848,0,Tulu Dimtu
716,0,16764849,16764847,1,Megenagna
717,0,16765470,16765468,0,Piassa Arada
718,0,16765470,16765469,1,Bole Arabsa
719,0,16765619,16765617,0,Megenagna
720,0,16765619,16765618,1,Ayer Tena
721,0,16765723,16765722,0,Koye Feche
722,0,16765723,16765721,1,Piassa Arada
723,0,16793879,16793878,0,Raguel Church
724,0,16793879,16793877,1,Kechenie
725,0,16794104,16794102,0,Piassa Arada
726,0,16794104,16794103,1,Jemmo 3
727,0,16794335,16794334,0,Tulu Dimtu
728,0,16794335,16794333,1,Piassa Arada
729,0,16794581,16794579,0,Megenagna
730,0,16794581,16794580,1,Addisu Gebeya
731,0,16794648,16794647,0,Megenagna
732,0,16794648,16794646,1,Koye Feche
733,0,16794702,16794701,0,Kela
734,0,16794702,16794700,1,Autobis Tera
735,0,16794769,16794768,0,Summit Condominiums
736,0,16794769,16794767,1,Megenagna Terminal
737,0,16794971,16794969,0,Megenagna
738,0,16794971,16794970,1,Haile Garment
739,0,16795336,16795335,0,Yeka Abado
740,0,16795336,16795334,1,Mexico
741,0,16798923,16798922,0,Bole Arabsa
742,0,16798923,16798921,1,Mexico
743,0,16799067,16799065,0,Raguel Church
744,0,16799067,16799066,1,Bela Mazorya
745,0,16799388,16799387,0,Raguel Church
746,0,16799388,16799386,1,Dil Ber
747,0,16799566,16799564,0,Lamberet
748,0,16799566,16799565,1,Autobis Tera
749,0,16799821,16799819,0,Raguel Church
750,0,16799821,16799820,1,Kera
751,0,16799950,16799949,0,Summit Condominiums
752,0,16799950,16799948,1,Bole
753,0,16800759,16800758,0,Gerji
754,0,16800759,16800757,1,Arat Kilo
755,0,16803209,16803207,0,Mexico
756,0,16803209,16803208,1,Alem Gena
757,0,16803318,16803317,0,Bethel
758,0,16803318,16803316,1,Autobis Tera
759,0,16803475,16803474,0,Gerji
760,0,16803475,16803473,1,Autobis Tera
761,0,16803572,16803571,0,Mexico
762,0,16803572,16803570,1,Lafto
763,0,16804052,16804050,0,Megenagna
764,0,16804052,16804051,1,Jemmo 2
765,0,16804748,16804747,0,Sansusi
766,0,16804748,16804746,1,Megenagna
767,0,16807402,16807401,0,Sendafa
768,0,16807402,16807400,1,Raguel Church
769,0,16807587,16807586,0,Yeka Abado
770,0,16807587,16807585,1,Piassa Arada
771,0,16810442,16810441,0,Sebeta
772,0,16810442,16810440,1,Autobis Tera
773,0,16813413,16813411,0,Piassa Arada
774,0,16813413,16813412,1,Ajamba
775,0,16813486,16813484,0,Piassa Arada
776,0,16813486,16813485,1,Ferensay
777,0,16813875,16813873,0,St. George Church
778,0,16813875,16813874,1,Addisu Gebeya
779,0,16814055,16814054,0,Megenagna Terminal
780,0,16814055,16814053,1,Aba Kiros Roundabout
781,0,16814777,16814775,0,Mexico
782,0,16814777,16814776,1,Aba Kiros
783,0,16814864,16814862,0,Mexico
784,0,16814864,16814863,1,Kara Kore
785,0,16815120,16815119,0,Sebeta
786,0,16815120,16815118,1,Ayer Tena
787,0,16815233,16815232,0,Yeka Abado
788,0,16815233,16815231,1,Mexico
789,0,16815447,16815445,0,Piassa Arada
790,0,16815447,16815446,1,Betel
791,0,16815552,16815551,0,Mexico
792,0,16815552,16815550,1,Bole Bridge
793,0,16815658,16815656,0,Mexico
794,0,16815658,16815657,1,Gurara
795,0,16815683,16815682,0,Mexico
796,0,16815683,16815681,1,Haile Garment
797,0,16815787,16815786,0,Mexico
798,0,16815787,16815785,1,Jemmo 2
799,0,16816053,16816052,0,Yeshi Debele
800,0,16816053,16816051,1,Autobis Tera
801,0,16817583,16817582,0,Yeka Abado
802,0,16817583,16817581,1,Tulu Dimtu
803,0,16817599,16817598,0,Summit Condominiums
804,0,16817599,16817597,1,Bole
805,0,16817834,16817832,0,Bole Bridge
806,0,16817834,16817833,1,Addisu Gebeya
807,0,16817865,16817863,0,Megenagna
808,0,16817865,16817864,1,Addisu Gebeya
809,0,16817897,16817896,0,Megenagna
810,0,16817897,16817895,1,Ayer Tena
811,0,16817958,16817956,0,Megenagna
812,0,16817958,16817957,1,Bole Bulbula
813,0,16819131,16819130,0,Kality Meneharia
814,0,16819131,16819129,1,Bole Bridge
815,0,16819161,16819160,0,Jemo 1
816,0,16819161,16819159,1,Autobis Tera
817,0,16820941,16820940,0,Stadium
818,0,16820941,16820939,1,Kality Meneharia
819,0,16820954,16820953,0,Gurara
820,0,16820954,16820952,1,4 Kilo
821,0,16820988,16820986,0,Yeshi Total
822,0,16820988,16820987,1,Tulu Dimtu Adebabay
823,0,16821152,16821151,0,Megenagna
824,0,16821152,16821150,1,Haile Garment
825,0,16821389,16821388,0,Saris
826,0,16821389,16821387,1,Kality Meneharia
827,0,16821505,16821503,0,Saris
828,0,16821505,16821504,1,Koye Feche
829,0,16821697,16821695,0,Megenagna
830,0,16821697,16821696,1,Saris Abo
831,0,16822289,16822288,0,Yeshi Total
832,0,16822289,16822287,1,Saris Abo
833,0,16822421,16822419,0,Megenagna
834,0,16822421,16822420,1,Ferensay
835,0,16822501,16822500,0,Megenagna
836,0,16822501,16822499,1,Gelan Condominium
837,0,16822668,16822667,0,Sululta
838,0,16822668,16822666,1,Addisu Gebeya
839,0,16822706,16822705,0,Piassa Arada
840,0,16822706,16822704,1,Bole Bridge
841,0,17008501,17008500,0,Legedadi
842,0,17008501,17008499,1,Raguel Church
843,0,17008592,17008591,0,Tafo Square
844,0,17008592,17008590,1,Piassa Arada
845,0,17008890,17008889,0,Piassa Arada
846,0,17008890,17008888,1,Bole Bulbula
847,0,17010982,17010981,0,Raguel Church
848,0,17010982,17010980,1,Megenagna
849,0,17011008,17011007,0,Kidane Mihret
850,0,17011008,17011006,1,Raguel Church
851,0,17011060,17011058,0,Entoto Mariam
852,0,17011060,17011059,1,Raguel Church
853,0,17032690,17032688,0,Mexico
854,0,17032690,17032689,1,Koye Feche
855,0,17032741,17032740,0,Tulu Dimtu
856,0,17032741,17032739,1,Mexico
857,0,17032887,17032885,0,Piassa Arada
858,0,17032887,17032886,1,Alem Bank Silase
859,0,17033336,17033335,0,Megenagna
860,0,17033336,17033334,1,Gelan Condominium
861,0,17034807,17034806,0,Yerer Goro
862,0,17034807,17034805,1,Megenagna
863,0,17039849,17039847,0,Addis Alem
864,0,17039849,17039848,1,Addis Alem
865,0,17047999,17047998,0,Addisu Gebeya
866,0,17047999,17047997,1,Kality Menaheria
867,0,17052323,17052321,0,Dire Sololiya
868,0,17052323,17052322,1,Autobis Tera
869,0,17071085,17071083,0,Mexico
870,0,17071085,17071084,1,Kara Kore
871,0,17071140,17071139,0,Piassa Arada
872,0,17071140,17071138,1,Jemmo 1
873,0,17073030,17073028,0,Alem Bank
874,0,17073030,17073029,1,Mexico
875,0,17082329,17082328,0,Teji
876,0,17082329,17082327,1,Merkato
877,0,17332228,17332227,0,Yeshi Debele
878,0,17332228,17332226,1,Ayer Tena
879,0,17332229,17332220,0,Goro
880,0,17332229,17332221,1,Abem Mebrat
881,0,17332230,17332225,0,Megenagna
882,0,17332230,17332224,1,Hana Mariam
883,0,17332231,17332223,0,Kality Total
884,0,17332231,17332222,1,Hana Mariam
885,0,17332417,17332416,0,Chancho
886,0,17332417,17332415,1,Autobis Tera
887,0,20385422,20385420,0,Lafto
888,0,20385422,20385421,1,Gofa Gebriel
889,0,20385488,20385486,0,Saris Abo
890,0,20385488,20385487,1,Mariam Condominium
891,0,20389398,20389395,0,Kazanchis
892,0,20389398,20389394,1,Abuare Roundabout
893,0,20389399,20389397,0,Kazanchis
894,0,20389399,20389396,1,Balderas
895,0,20389824,20389819,0,Winget
896,0,20389824,20389818,1,Kechenie
897,0,20389825,20389821,0,Mexico
898,0,20389825,20389820,1,Kazanchis
899,0,20389826,20389822,0,Kela
900,0,20389826,20389823,1,Asko
901,0,20389875,20389872,0,Medhanalem
902,0,20389875,20389871,1,Autobus Tera
903,0,20389876,20389873,0,Torhayloch
904,0,20389876,20389874,1,Atena Tera
905,0,20389877,20389869,0,Tikur Anbesa
906,0,20389877,20389870,1,Autobus Tera
907,0,20391484,20391481,0,Megenagna
908,0,20391484,20391480,1,Fiche Gelila
909,0,20391485,20391482,0,Shano
910,0,20391485,20391483,1,Megenagna
911,0,20391486,20391479,0,Megenagna
912,0,20391486,20391478,1,Beke
913,0,5697658,5696982,0,Ayat
914,0,5697658,5696983,1,Tor Hailoch
915,0,5697659,5696985,0,Menelik II Square
916,0,5697659,5696986,1,Kality
917,0,17065220,17065220,0,Bole Mickael
918,0,20406759,20406759,0,Gelan
919,0,20406757,20406757,0,Gofa Gebriel
920,0,20406755,20406755,0,Haile Garment
